98001
98002
98003
98004
98005
98006
98007
98008
98009
98010
98011
98012
98013
98014
98015
98019
98020
98021
98022
98023
98024
98025
98026
98027
98028
98029
98030
98031
98032
98033
98034
98035
98036
98037
98038
98039
98040
98041
98042
98043
98045
98046
98047
98050
98051
98052
98053
98054
98055
98056
98057
98058
98059
98061
98062
98063
98064
98065
98070
98071
98072
98073
98074
98075
98077
98082
98083
98087
98089
98092
98093
98101
98102
98103
98104
98105
98106
98107
98108
98109
98110
98111
98112
98113
98114
98115
98116
98117
98118
98119
98121
98122
98124
98125
98126
98127
98129
98131
98132
98133
98134
98136
98138
98139
98141
98144
98145
98146
98148
98151
98154
98155
98158
98160
98161
98164
98165
98166
98168
98170
98171
98174
98175
98177
98178
98181
98184
98185
98188
98190
98191
98194
98195
98198
98199
98201
98203
98204
98205
98206
98207
98208
98213
98221
98223
98224
98232
98233
98235
98237
98238
98241
98251
98252
98255
98256
98257
98258
98259
98263
98267
98270
98271
98272
98273
98274
98275
98283
98284
98287
98288
98290
98291
98292
98293
98294
98296
98303
98304
98310
98311
98312
98314
98315
98321
98322
98323
98327
98328
98329
98330
98332
98333
98335
98337
98338
98340
98342
98344
98345
98346
98348
98349
98351
98352
98353
98354
98359
98360
98364
98366
98367
98370
98371
98372
98373
98374
98375
98378
98380
98383
98384
98385
98386
98387
98388
98390
98391
98392
98393
98394
98395
98396
98397
98398
98401
98402
98403
98404
98405
98406
98407
98408
98409
98411
98412
98413
98415
98416
98417
98418
98419
98421
98422
98424
98430
98431
98433
98438
98439
98442
98443
98444
98445
98446
98447
98448
98450
98455
98460
98464
98465
98466
98467
98471
98477
98481
98490
98492
98493
98496
98497
98498
98499
98501
98502
98503
98504
98505
98506
98507
98508
98509
98511
98512
98513
98516
98530
98540
98556
98558
98576
98579
98580
98589
98597
98599